# X_0;X_1;X_2;X_3;X_4;R_0;R_1;R_2;R_3;S_0;S_1;S_2;S_3;G_0;G_1;G_2;G_3;I_0;I_1;I_2;I_3
5.01902;0.69110;29138.55817;604774.67119;239815718.19587;16.11233;330.84050;0.01800;1099.53290;14.73363;28.55058;0.00271;171.30347;-1.37870;-302.28992;-0.01529;-928.22943;0.00000;0.00000;0.00000;0.00000
4.47176;0.88070;26499.99753;596226.23757;244553817.04675;15.85663;304.47671;0.01800;1033.82882;13.81078;26.76230;0.00257;160.57379;-2.04584;-277.71441;-0.01543;-873.25503;0.00000;0.00000;0.00000;0.00000
4.15915;0.64526;38050.97878;601881.39265;248398680.71578;16.11516;414.59872;0.01800;1352.93693;12.39666;24.02204;0.00197;144.13225;-3.71850;-390.57668;-0.01603;-1208.80468;0.00000;0.00000;0.00000;0.00000
4.81362;0.82155;27212.73532;601557.03084;246384884.47717;16.00476;311.66876;0.01800;1055.55905;14.54027;28.17588;0.00271;169.05527;-1.46450;-283.49288;-0.01529;-886.50379;0.00000;0.00000;0.00000;0.00000
4.43248;0.67735;24349.05733;592132.99003;241905172.71767;15.71880;282.45548;0.01800;971.93298;13.18471;25.54911;0.00263;153.29467;-2.53408;-256.90637;-0.01537;-818.63832;0.00000;0.00000;0.00000;0.00000
4.91348;0.63409;39935.28027;579150.09897;228435712.91411;15.52703;431.26138;0.01800;1378.63734;14.31422;27.73785;0.00226;166.42712;-1.21281;-403.52352;-0.01574;-1212.21022;0.00000;0.00000;0.00000;0.00000
4.43253;1.03451;22314.56590;610235.50852;247785816.83533;16.14965;261.18871;0.01800;924.12204;14.10642;27.33517;0.00281;164.01103;-2.04323;-233.85354;-0.01519;-760.11101;0.00000;0.00000;0.00000;0.00000
3.32014;0.94206;27506.92925;606825.69875;253242351.16767;16.14567;314.62216;0.01800;1072.33869;10.99762;21.31100;0.00192;127.86602;-5.14805;-293.31116;-0.01608;-944.47266;0.00000;0.00000;0.00000;0.00000
5.12815;0.62916;30107.31518;599469.04079;251160728.32790;15.98459;340.34041;0.01800;1140.40471;14.85539;28.78653;0.00271;172.71916;-1.12919;-311.55388;-0.01529;-967.68554;0.00000;0.00000;0.00000;0.00000
4.48892;0.79496;27911.28363;635814.00418;247507689.47930;16.90466;318.66694;0.01800;1075.99676;13.63381;26.41936;0.00250;158.51617;-3.27085;-292.24758;-0.01550;-917.48058;0.00000;0.00000;0.00000;0.00000
3.83193;1.13233;23455.64343;675106.97183;238471724.32622;17.84039;273.16893;0.01800;943.23731;12.80913;24.82131;0.00241;148.92786;-5.03126;-248.34762;-0.01559;-794.30945;0.00000;0.00000;0.00000;0.00000
6.46076;0.50305;35013.84574;611344.05417;235323966.19426;16.34152;386.97331;0.01800;1253.59128;17.96849;34.81904;0.00312;208.91422;1.62697;-352.15427;-0.01488;-1044.67706;1.00000;0.00000;0.00000;0.00000
5.03932;0.81503;33331.66614;660042.25084;227225611.23874;17.60168;371.26429;0.01800;1197.47010;15.10580;29.27175;0.00256;175.63053;-2.49588;-341.99253;-0.01544;-1021.83958;0.00000;0.00000;0.00000;0.00000
4.92671;1.06337;36296.17274;597923.39115;250909961.34247;15.99865;398.75289;0.01800;1308.42065;15.45603;29.95042;0.00243;179.70254;-0.54262;-368.80247;-0.01557;-1128.71811;0.00000;0.00000;0.00000;0.00000
4.77497;1.08954;42785.81075;641880.57193;239621141.50801;17.20020;455.77444;0.01800;1470.48911;15.13200;29.32252;0.00218;175.93513;-2.06821;-426.45192;-0.01582;-1294.55399;0.00000;0.00000;0.00000;0.00000
4.82273;0.41951;32065.02774;587702.84937;253054055.73162;15.69586;359.24378;0.01800;1196.07795;13.52638;26.21118;0.00244;157.26707;-2.16948;-333.03260;-0.01556;-1038.81087;0.00000;0.00000;0.00000;0.00000
4.12752;0.84568;28151.81434;597633.05961;250506336.46388;15.91445;321.06501;0.01800;1086.37746;12.83220;24.86601;0.00231;149.19608;-3.08225;-296.19900;-0.01569;-937.18138;0.00000;0.00000;0.00000;0.00000
5.12618;0.83004;33367.30323;630774.56249;254822517.21726;16.83642;371.60010;0.01800;1233.76347;15.36865;29.78111;0.00260;178.68667;-1.46777;-341.81899;-0.01540;-1055.07680;0.00000;0.00000;0.00000;0.00000
4.75153;0.44424;42868.53685;620985.18923;236366906.12220;16.64890;456.47337;0.01800;1468.57384;13.40648;25.97884;0.00209;155.87306;-3.24242;-430.49452;-0.01591;-1312.70079;0.00000;0.00000;0.00000;0.00000
5.32754;0.93625;29532.11509;605762.45609;242652067.66499;16.14261;334.71147;0.01800;1113.86818;16.16227;31.31896;0.00289;187.91376;0.01965;-303.39251;-0.01511;-925.95442;1.00000;0.00000;0.00000;0.00000
4.98256;1.14682;29127.33361;610675.89987;241598148.86665;16.26609;330.72986;0.01800;1101.50910;15.81546;30.64692;0.00276;183.88153;-0.45064;-300.08294;-0.01524;-917.62758;0.00000;0.00000;0.00000;0.00000
5.40423;0.73435;28036.78756;577903.14508;248470625.21012;15.39864;319.91895;0.01800;1080.64302;15.83918;30.69289;0.00297;184.15735;0.44054;-289.22605;-0.01503;-896.48567;1.00000;0.00000;0.00000;0.00000
4.64330;0.71375;31064.95459;598132.65781;264473027.39965;15.95952;349.63646;0.01800;1183.49224;13.82264;26.78527;0.00244;160.71160;-2.13688;-322.85120;-0.01556;-1022.78064;0.00000;0.00000;0.00000;0.00000
4.11232;0.38319;31608.69151;639115.13343;253268468.94871;17.03643;354.87269;0.01800;1183.94005;11.59963;22.47756;0.00210;134.86536;-5.43680;-332.39513;-0.01590;-1049.07469;0.00000;0.00000;0.00000;0.00000
5.48948;0.85759;27798.70788;620606.97079;243461150.70824;16.50794;317.54253;0.01800;1067.75513;16.37713;31.73532;0.00305;190.41193;-0.13081;-285.80721;-0.01495;-877.34320;0.00000;0.00000;0.00000;0.00000
4.78764;0.79818;23965.71463;605228.85372;239212773.45951;16.05122;278.48090;0.01800;958.05979;14.41291;27.92909;0.00287;167.57455;-1.63830;-250.55181;-0.01513;-790.48524;0.00000;0.00000;0.00000;0.00000
5.35276;0.81652;26240.10162;593934.04086;248518216.92196;15.79350;301.84117;0.01800;1031.83408;15.91842;30.84644;0.00306;185.07862;0.12492;-270.99473;-0.01494;-846.75546;1.00000;0.00000;0.00000;0.00000
5.52849;0.45517;37549.45686;633827.66638;241044193.74979;16.95241;410.10231;0.01800;1329.88179;15.43943;29.91826;0.00258;179.50955;-1.51298;-380.18405;-0.01542;-1150.37224;0.00000;0.00000;0.00000;0.00000
4.39162;0.38285;26473.31934;606877.17456;238716850.58234;16.13295;304.20649;0.01800;1025.63185;12.31942;23.87236;0.00245;143.23419;-3.81353;-280.33413;-0.01555;-882.39767;0.00000;0.00000;0.00000;0.00000
5.25002;0.80150;26534.27557;579108.15308;242069161.14236;15.41187;304.82379;0.01800;1031.58082;15.61455;30.25762;0.00298;181.54570;0.20269;-274.56618;-0.01502;-850.03513;1.00000;0.00000;0.00000;0.00000
4.94353;0.70764;36055.01807;636941.33247;233238736.69976;17.02223;396.55053;0.01800;1279.24207;14.58154;28.25585;0.00240;169.53510;-2.44069;-368.29468;-0.01560;-1109.70697;0.00000;0.00000;0.00000;0.00000
5.01227;0.97405;25978.62347;563978.58396;222754673.16618;15.01098;299.18258;0.01800;991.74454;15.44633;29.93163;0.00291;179.58977;0.43535;-269.25095;-0.01509;-812.15477;1.00000;0.00000;0.00000;0.00000
5.02087;0.55401;37234.52367;605389.69732;249959952.94487;16.20192;407.26555;0.01800;1332.72778;14.38469;27.87441;0.00238;167.24648;-1.81722;-379.39113;-0.01562;-1165.48131;0.00000;0.00000;0.00000;0.00000
4.54478;0.93165;35688.21339;588477.39715;249867136.78566;15.74565;393.18919;0.01800;1290.54934;14.13067;27.38217;0.00226;164.29301;-1.61498;-365.80702;-0.01574;-1126.25633;0.00000;0.00000;0.00000;0.00000
5.15080;0.63233;28637.47738;596663.63953;246199163.99185;15.89496;325.88890;0.01800;1094.07431;14.92204;28.91567;0.00279;173.49401;-0.97292;-296.97323;-0.01521;-920.58030;0.00000;0.00000;0.00000;0.00000
5.04497;1.16188;32732.12707;638181.76867;256595078.45734;17.02395;365.59517;0.01800;1218.75556;16.01533;31.03423;0.00264;186.20538;-1.00862;-334.56094;-0.01536;-1032.55018;0.00000;0.00000;0.00000;0.00000
5.31614;0.66835;24620.68900;555204.37340;248002815.84320;14.76489;285.26268;0.01800;987.12635;15.44158;29.92242;0.00311;179.53451;0.67669;-255.34026;-0.01489;-807.59183;1.00000;0.00000;0.00000;0.00000
3.94174;0.50157;31174.17738;634664.72108;243117385.72759;16.91543;350.69073;0.01800;1159.12788;11.46493;22.21654;0.00205;133.29927;-5.45050;-328.47418;-0.01595;-1025.82861;0.00000;0.00000;0.00000;0.00000
5.16340;1.00292;31868.77464;590306.22266;239537970.22052;15.76230;357.36656;0.01800;1173.43927;15.91076;30.83160;0.00271;184.98960;0.14846;-326.53496;-0.01529;-988.44967;1.00000;0.00000;0.00000;0.00000
4.57245;0.63767;36020.82032;616588.97309;236392312.48339;16.48740;396.23773;0.01800;1282.34847;13.44349;26.05057;0.00222;156.30342;-3.04391;-370.18716;-0.01578;-1126.04506;0.00000;0.00000;0.00000;0.00000
5.09594;0.91550;28577.90886;579446.69618;235892688.75341;15.44501;325.29853;0.01800;1079.26176;15.51114;30.05722;0.00281;180.34333;0.06613;-295.24131;-0.01519;-898.91843;1.00000;0.00000;0.00000;0.00000
5.38802;1.00782;32460.36224;603897.11704;241378531.68468;16.12388;363.01325;0.01800;1191.88637;16.50298;31.97920;0.00279;191.87519;0.37910;-331.03405;-0.01521;-1000.01119;1.00000;0.00000;0.00000;0.00000
5.62098;1.17376;34760.06189;624645.19426;256833189.97462;16.68850;384.62199;0.01800;1274.22017;17.53224;33.97368;0.00283;203.84207;0.84374;-350.64831;-0.01517;-1070.37809;1.00000;0.00000;0.00000;0.00000
4.73801;0.61976;32019.13006;618548.86877;235362171.28467;16.50321;358.80511;0.01800;1172.18392;13.82449;26.78886;0.00243;160.73315;-2.67872;-332.01625;-0.01557;-1011.45077;0.00000;0.00000;0.00000;0.00000
4.32261;0.33370;29834.02947;616578.07268;248485952.90357;16.42826;337.67026;0.01800;1129.54762;12.01454;23.28156;0.00226;139.68937;-4.41372;-314.38870;-0.01574;-989.85825;0.00000;0.00000;0.00000;0.00000
5.01823;0.89547;32764.07860;619940.75811;244288470.08249;16.54696;365.89823;0.01800;1203.87218;15.25893;29.56850;0.00258;177.41098;-1.28802;-336.32973;-0.01542;-1026.46120;0.00000;0.00000;0.00000;0.00000
5.36601;1.06718;33674.10283;572948.92483;243179755.35696;15.32207;374.48571;0.01800;1227.20568;16.59937;32.16598;0.00274;192.99586;1.27730;-342.31974;-0.01526;-1034.20983;1.00000;0.00000;0.00000;0.00000
5.59523;0.71466;25118.87646;574590.08059;230317831.69598;15.27541;290.39151;0.01800;978.04026;16.28122;31.54947;0.00324;189.29682;1.00581;-258.84204;-0.01476;-788.74345;1.00000;0.00000;0.00000;0.00000
4.51857;1.14727;29289.18611;611342.76669;254905390.86696;16.28539;332.32394;0.01800;1122.94476;14.61939;28.32921;0.00251;169.97526;-1.66599;-303.99473;-0.01549;-952.96950;0.00000;0.00000;0.00000;0.00000
4.97098;1.01227;30736.20867;616907.03987;249326891.68985;16.44691;346.45587;0.01800;1155.16330;15.43840;29.91626;0.00266;179.49754;-1.00852;-316.53961;-0.01534;-975.66576;0.00000;0.00000;0.00000;0.00000
5.11026;0.76280;27734.77198;613736.77813;260790504.94132;16.32843;316.90335;0.01800;1088.19764;15.15406;29.36529;0.00283;176.19171;-1.17437;-287.53807;-0.01517;-912.00593;0.00000;0.00000;0.00000;0.00000
5.18310;1.39036;33605.67872;579689.88508;263264628.87622;15.49867;373.84299;0.01800;1251.05319;16.96131;32.86734;0.00270;197.20402;1.46264;-340.97565;-0.01530;-1053.84917;1.00000;0.00000;0.00000;0.00000
4.82585;0.52759;24022.61336;676057.70928;251247969.76134;17.87715;279.07179;0.01800;975.01248;13.81332;26.76722;0.00284;160.60330;-4.06383;-252.30458;-0.01516;-814.40919;0.00000;0.00000;0.00000;0.00000
5.77662;0.61318;26795.01573;599921.55486;240901589.25399;15.95667;307.45999;0.01800;1037.17846;16.48742;31.94903;0.00322;191.69421;0.53074;-275.51096;-0.01478;-845.48426;1.00000;0.00000;0.00000;0.00000
4.88053;0.59358;29033.10112;620401.71033;249305712.82751;16.51843;329.80053;0.01800;1108.81166;14.12468;27.37056;0.00262;164.22335;-2.39375;-302.42998;-0.01538;-944.58831;0.00000;0.00000;0.00000;0.00000
4.57802;0.63960;32262.01218;592339.21957;242355280.95611;15.81918;361.12401;0.01800;1187.74149;13.46285;26.08808;0.00235;156.52851;-2.35632;-335.03593;-0.01565;-1031.21298;0.00000;0.00000;0.00000;0.00000
5.43861;1.02090;32075.44958;609442.33880;238925416.66395;16.26545;359.34336;0.01800;1178.27676;16.66728;32.29757;0.00284;193.78541;0.40183;-327.04579;-0.01516;-984.49136;1.00000;0.00000;0.00000;0.00000
4.29568;0.67956;27437.69744;619331.92519;242264159.53702;16.46990;313.92794;0.01800;1056.40349;12.83747;24.87623;0.00240;149.25738;-3.63243;-289.05171;-0.01560;-907.14611;0.00000;0.00000;0.00000;0.00000
4.93715;0.86798;25730.25526;630368.52941;247058116.37192;16.73074;296.65078;0.01800;1016.09733;14.97879;29.02564;0.00286;174.15386;-1.75195;-267.62513;-0.01514;-841.94347;0.00000;0.00000;0.00000;0.00000
4.67282;0.65772;27082.16143;615489.61772;243971610.95071;16.36517;310.35508;0.01800;1048.91845;13.75423;26.65272;0.00262;159.91630;-2.61093;-283.70236;-0.01538;-889.00215;0.00000;0.00000;0.00000;0.00000
4.87314;1.18031;28088.26020;601450.49528;232942907.37901;16.01313;320.43196;0.01800;1062.16760;15.61953;30.26726;0.00276;181.60357;-0.39360;-290.16470;-0.01524;-880.56403;0.00000;0.00000;0.00000;0.00000
4.63657;1.42451;32290.06594;598896.47396;244870140.83401;15.99128;361.39146;0.01800;1191.72357;15.63922;30.30541;0.00249;181.83244;-0.35207;-331.08605;-0.01551;-1009.89114;0.00000;0.00000;0.00000;0.00000
5.14064;0.97777;32324.93092;626723.87684;242858179.78432;16.72014;361.72373;0.01800;1190.09659;15.78714;30.59205;0.00267;183.55232;-0.93299;-331.13168;-0.01533;-1006.54427;0.00000;0.00000;0.00000;0.00000
4.85187;0.84092;27404.15297;583204.82468;247885454.87535;15.52942;313.59140;0.01800;1062.68634;14.68892;28.46393;0.00273;170.78358;-0.84050;-285.12747;-0.01527;-891.90277;0.00000;0.00000;0.00000;0.00000
5.65170;1.47627;32421.17690;607332.83123;236686485.57289;16.21352;362.64034;0.01800;1184.81471;18.39206;35.63983;0.00299;213.83896;2.17855;-327.00051;-0.01501;-970.97575;1.00000;0.00000;0.00000;0.00000
4.60451;0.46608;33581.80760;554326.07682;232000553.52946;14.83162;373.61865;0.01800;1210.38588;13.08349;25.35296;0.00229;152.11777;-1.74813;-348.26568;-0.01571;-1058.26810;0.00000;0.00000;0.00000;0.00000
5.17282;0.41029;34640.48024;594175.64780;239997881.69379;15.88752;383.51176;0.01800;1249.41835;14.40591;27.91552;0.00252;167.49313;-1.48161;-355.59624;-0.01548;-1081.92522;0.00000;0.00000;0.00000;0.00000
5.41879;0.42311;27939.25119;568251.73270;265371519.93639;15.14566;318.94608;0.01800;1099.62318;15.07368;29.20952;0.00293;175.25710;-0.07198;-289.73657;-0.01507;-924.36608;0.00000;0.00000;0.00000;0.00000
4.33447;1.14772;32977.59298;625905.11748;244733535.43699;16.70517;367.92071;0.01800;1210.24945;14.14552;27.41095;0.00228;164.46571;-2.55965;-340.50976;-0.01572;-1045.78375;0.00000;0.00000;0.00000;0.00000
5.24732;0.70485;26082.62804;584218.54827;235170314.52332;15.53886;300.24089;0.01800;1010.46549;15.35819;29.76083;0.00299;178.56499;-0.18067;-270.48006;-0.01501;-831.90050;0.00000;0.00000;0.00000;0.00000
5.96926;0.44677;28979.19166;603742.44866;247015235.65415;16.08356;329.26846;0.01800;1104.41351;16.55509;32.08017;0.00317;192.48101;0.47153;-297.18830;-0.01483;-911.93250;1.00000;0.00000;0.00000;0.00000
4.91299;0.91943;22660.94872;639734.47716;233701210.59423;16.91513;264.83955;0.01800;915.51535;15.04923;29.16213;0.00305;174.97278;-1.86590;-235.67742;-0.01495;-740.54257;0.00000;0.00000;0.00000;0.00000
5.05251;0.55148;34011.50727;637954.47184;252852193.32182;17.03058;377.64801;0.01800;1248.76381;14.45981;28.01997;0.00250;168.11983;-2.57077;-349.62804;-0.01550;-1080.64397;0.00000;0.00000;0.00000;0.00000
5.88848;0.58812;26721.85809;613143.51185;228211301.09662;16.29918;306.72104;0.01800;1018.94501;16.71136;32.38299;0.00328;194.29793;0.41218;-274.33805;-0.01472;-824.64708;1.00000;0.00000;0.00000;0.00000
3.65914;1.02366;28831.77489;682287.14158;261501834.17216;18.12403;327.81198;0.01800;1118.94662;12.08288;23.41399;0.00207;140.48396;-6.04116;-304.39799;-0.01593;-978.46266;0.00000;0.00000;0.00000;0.00000
4.86039;0.71112;27592.72833;631406.48573;234637674.20243;16.78572;315.48182;0.01800;1050.85843;14.37598;27.85753;0.00270;167.14518;-2.40974;-287.62429;-0.01530;-883.71326;0.00000;0.00000;0.00000;0.00000
4.34702;0.73996;32617.74771;615437.69871;252381560.88821;16.42764;364.50942;0.01800;1210.25114;13.12576;25.43488;0.00224;152.60928;-3.30188;-339.07455;-0.01576;-1057.64186;0.00000;0.00000;0.00000;0.00000
3.60196;0.52970;32481.22300;605183.10597;248996067.01764;16.15777;363.21170;0.01800;1202.20423;10.66078;20.65827;0.00184;123.94964;-5.49699;-342.55343;-0.01616;-1078.25459;0.00000;0.00000;0.00000;0.00000
4.28922;1.30499;31531.31602;579153.97258;246623943.98241;15.46693;354.12941;0.01800;1173.33044;14.43458;27.97107;0.00233;167.82644;-1.03236;-326.15834;-0.01567;-1005.50400;0.00000;0.00000;0.00000;0.00000
5.51651;1.10146;29569.51975;628224.05009;254853374.23235;16.72878;335.07855;0.01800;1130.50326;17.07615;33.08986;0.00301;198.53918;0.34736;-301.98869;-0.01499;-931.96407;1.00000;0.00000;0.00000;0.00000
3.73767;0.77053;35057.63064;622460.92694;243552012.78690;16.63374;387.37831;0.01800;1265.31413;11.63236;22.54098;0.00187;135.24588;-5.00138;-364.83733;-0.01613;-1130.06825;0.00000;0.00000;0.00000;0.00000
5.44216;0.85634;32704.42665;596490.66297;249418015.31679;15.93199;365.33235;0.01800;1208.81546;16.25183;31.49251;0.00279;188.95508;0.31984;-333.83983;-0.01521;-1019.86038;1.00000;0.00000;0.00000;0.00000
3.64693;1.00035;35432.47398;611064.13710;238124493.10037;16.33756;390.83746;0.01800;1268.56264;11.99123;23.23640;0.00185;139.41838;-4.34633;-367.60106;-0.01615;-1129.14426;0.00000;0.00000;0.00000;0.00000
5.50410;0.68545;29003.06443;561105.77640;247888611.07803;14.97017;329.50412;0.01800;1106.18077;15.97072;30.94779;0.00296;185.68676;1.00056;-298.55632;-0.01504;-920.49401;1.00000;0.00000;0.00000;0.00000
5.09107;0.64998;29353.25789;659820.11978;239851356.21604;17.54827;332.95423;0.01800;1105.41835;14.81344;28.70523;0.00273;172.23137;-2.73483;-304.24900;-0.01527;-933.18698;0.00000;0.00000;0.00000;0.00000
5.64439;0.84921;34950.61032;627992.44485;228772233.29331;16.77797;386.38805;0.01800;1243.48506;16.75524;32.46802;0.00279;194.80815;-0.02272;-353.92003;-0.01521;-1048.67691;0.00000;0.00000;0.00000;0.00000
5.27304;0.66863;23655.69893;673211.55301;241529141.60279;17.79616;275.25553;0.01800;952.59231;15.33111;29.70836;0.00315;178.25015;-2.46505;-245.54717;-0.01485;-774.34216;0.00000;0.00000;0.00000;0.00000
4.52944;0.75502;19552.66087;623738.41703;244887757.37734;16.43063;231.63718;0.01800;845.28871;13.63534;26.42233;0.00301;158.53400;-2.79528;-205.21485;-0.01499;-686.75471;0.00000;0.00000;0.00000;0.00000
4.24320;0.75932;34996.14844;612960.21495;237311710.96812;16.38382;386.80956;0.01800;1255.65423;12.90786;25.01262;0.00211;150.07572;-3.47596;-361.79694;-0.01589;-1105.57851;0.00000;0.00000;0.00000;0.00000
5.24468;0.44404;31122.02779;601704.29931;233935966.09122;16.05353;350.18751;0.01800;1145.95719;14.67843;28.44361;0.00270;170.66164;-1.37510;-321.74390;-0.01530;-975.29555;0.00000;0.00000;0.00000;0.00000
4.54540;0.70822;25768.20094;647079.83655;238192006.51356;17.16362;297.03800;0.01800;1005.78083;13.55574;26.26809;0.00262;157.60853;-3.60787;-270.76991;-0.01538;-848.17231;0.00000;0.00000;0.00000;0.00000
5.48565;1.24311;22864.56624;611501.13997;241284037.40443;16.19305;266.97990;0.01800;930.75977;17.36202;33.64382;0.00343;201.86294;1.16897;-233.33608;-0.01457;-728.89683;1.00000;0.00000;0.00000;0.00000
6.04371;0.59748;27866.99956;617666.44304;249075194.24217;16.43238;318.22478;0.01800;1076.79864;17.13603;33.20591;0.00330;199.23548;0.70365;-285.01887;-0.01470;-877.56316;1.00000;0.00000;0.00000;0.00000
5.08210;1.15917;30743.08157;595535.35584;247948345.96375;15.88834;346.52248;0.01800;1153.58570;16.10415;31.20634;0.00274;187.23807;0.21581;-315.31613;-0.01526;-966.34763;1.00000;0.00000;0.00000;0.00000
4.88428;3.06982;28895.22472;590439.65919;242933547.73648;15.73552;328.43914;0.01800;1096.90505;20.52371;39.77049;0.00302;238.62295;4.78819;-288.66865;-0.01498;-858.28211;1.00000;0.00000;0.00000;0.00000
5.11451;0.92792;35283.85134;623003.60522;249178294.66945;16.64989;389.46766;0.01800;1278.66897;15.59109;30.21214;0.00254;181.27285;-1.05880;-359.25552;-0.01546;-1097.39613;0.00000;0.00000;0.00000;0.00000
5.24545;0.52183;35959.27874;585758.93018;218156729.36385;15.67606;395.67452;0.01800;1257.33300;14.88114;28.83643;0.00252;173.01856;-0.79491;-366.83810;-0.01548;-1084.31444;0.00000;0.00000;0.00000;0.00000
5.11563;0.67525;32516.88641;643705.52536;259220070.74660;17.16613;363.55088;0.01800;1216.26100;14.94204;28.95442;0.00261;173.72652;-2.22409;-334.59646;-0.01539;-1042.53448;0.00000;0.00000;0.00000;0.00000
5.21222;0.31990;32759.80252;616107.13353;231917511.97727;16.44653;365.85768;0.01800;1187.92104;14.27436;27.66061;0.00259;165.96368;-2.17217;-338.19706;-0.01541;-1021.95737;0.00000;0.00000;0.00000;0.00000
4.56298;0.58830;28441.18240;598901.08884;238230501.97472;15.95098;323.94210;0.01800;1078.53520;13.29169;25.75641;0.00248;154.53846;-2.65929;-298.18569;-0.01552;-923.99674;0.00000;0.00000;0.00000;0.00000
